10
1	4	16	18	3	9	17	18	11	8
4	1	4	19	18	13	5	10	14	4
16	4	1	16	7	14	15	16	12	11
18	19	16	1	17	8	12	14	7	17
3	18	7	17	1	10	17	15	4	3
9	13	14	8	10	1	10	7	9	12
17	5	15	12	17	10	1	20	14	10
18	10	16	14	15	7	20	1	13	20
11	14	12	7	4	9	14	13	1	17
8	4	11	17	3	12	10	20	17	1
