8
1	4	16	18	3	9	17	18
4	1	11	8	4	19	18	13
16	11	1	5	10	14	4	16
18	8	5	1	7	14	15	16
3	4	10	7	1	12	11	17
9	19	14	14	12	1	8	12
17	18	4	15	11	8	1	14
18	13	16	16	17	12	14	1
