10
1	10	15	20	6	10	3	9	16	11
10	1	8	15	8	5	7	17	7	7
15	8	1	3	3	9	9	8	8	12
20	15	3	1	13	9	20	9	8	9
6	8	3	13	1	15	12	3	14	16
10	5	9	9	15	1	8	7	11	5
3	7	9	20	12	8	1	13	12	3
9	17	8	9	3	7	13	1	13	5
16	7	8	8	14	11	12	13	1	12
11	7	12	9	16	5	3	5	12	1
