10
1000	100	150	200	60	100	30	90	160	110
100	1000	80	150	80	50	70	170	70	70
150	80	1000	30	30	90	90	80	80	120
200	150	30	1000	130	90	200	90	80	90
60	80	30	130	1000	150	120	30	140	160
100	50	90	90	150	1000	80	70	110	50
30	70	90	200	120	80	1000	130	120	30
90	170	80	90	30	70	130	1000	130	50
160	70	80	80	140	110	120	130	1000	120
110	70	120	90	160	50	30	50	120	1000
