10
1000	40	160	180	30	90	170	180	110	80
40	1000	40	190	180	130	50	100	140	40
160	40	1000	160	70	140	150	160	120	110
180	190	160	1000	170	80	120	140	70	170
30	180	70	170	1000	100	170	150	40	30
90	130	140	80	100	1000	100	70	90	120
170	50	150	120	170	100	1000	200	140	100
180	100	160	140	150	70	200	1000	130	200
110	140	120	70	40	90	140	130	1000	170
80	40	110	170	30	120	100	200	170	1000
