12
1	20	6	10	3	9	16	11	8	15	8	5
20	1	7	17	7	7	3	3	9	9	8	8
6	7	1	12	13	9	20	9	8	9	15	12
10	17	12	1	3	14	16	8	7	11	5	13
3	7	13	3	1	12	3	13	5	12	14	12
9	7	9	14	12	1	18	13	8	18	18	8
16	3	20	16	3	18	1	4	11	3	14	15
11	3	9	8	13	13	4	1	3	20	16	14
8	9	8	7	5	8	11	3	1	15	3	17
15	9	9	11	12	18	3	20	15	1	4	8
8	8	15	5	14	18	14	16	3	4	1	9
5	8	12	13	12	8	15	14	17	8	9	1
