10
1	6	12	21	36	90	99	111	120	129
6	1	9	12	24	81	90	93	102	108
12	9	1	9	21	60	87	90	93	120
21	12	9	1	15	57	84	87	93	99
36	24	21	15	1	42	63	72	84	90
90	81	60	57	42	1	39	45	57	60
99	90	87	84	63	39	1	6	15	21
111	93	90	87	72	45	6	1	9	15
120	102	93	93	84	57	15	9	1	9
129	108	120	99	90	60	21	15	9	1
