10
100000	270	540	945	1620	4050	4455	4995	5400	5805
270	100000	405	540	1080	3645	4050	4185	4590	4860
540	405	100000	405	945	2700	3915	4050	4185	5400
945	540	405	100000	675	2565	3780	3915	4185	4455
1620	1080	945	675	100000	1890	2835	3240	3780	4050
4050	3645	2700	2565	1890	100000	1755	2025	2565	2700
4455	4050	3915	3780	2835	1755	100000	270	675	945
4995	4185	4050	3915	3240	2025	270	100000	405	675
5400	4590	4185	4185	3780	2565	675	405	100000	405
5805	4860	5400	4455	4050	2700	945	675	405	100000
