10
1	7	5	11	6	18	17	18	15	9
7	1	6	18	3	15	16	3	17	11
5	6	1	10	6	13	3	3	3	20
11	18	10	1	3	15	9	16	3	19
6	3	6	3	1	10	17	18	20	10
18	15	13	15	10	1	14	10	10	17
17	16	3	9	17	14	1	12	3	16
18	3	3	16	18	10	12	1	20	6
15	17	3	3	20	10	3	20	1	8
9	11	20	19	10	17	16	6	8	1
