10
1000	70	50	110	60	180	170	180	150	90
70	1000	60	180	30	150	160	30	170	110
50	60	1000	100	60	130	30	30	30	200
110	180	100	1000	30	150	90	160	30	190
60	30	60	30	1000	100	170	180	200	100
180	150	130	150	100	1000	140	100	100	170
170	160	30	90	170	140	1000	120	30	160
180	30	30	160	180	100	120	1000	200	60
150	170	30	30	200	100	30	200	1000	80
90	110	200	190	100	170	160	60	80	1000
