10
1000	150	160	40	110	190	180	150	120	180
150	1000	140	90	190	70	120	70	60	110
160	140	1000	200	70	120	60	50	130	180
40	90	200	1000	200	60	140	160	130	90
110	190	70	200	1000	200	180	170	190	110
190	70	120	60	200	1000	40	200	30	50
180	120	60	140	180	40	1000	150	30	180
150	70	50	160	170	200	150	1000	130	100
120	60	130	130	190	30	30	130	1000	130
180	110	180	90	110	50	180	100	130	1000
