69
1	4	4	9	20	76	85	83	85	7	7	32	84	4	4	6	87	84	1	74	89	20	59	66	71	72	54	70	44	9	47	63	5	4	7	83	21	7	20	15	53	9	61	6	M	M	M	M	M	M	M	M	M	M	M	M	M	M	M	M	M	M	M	M	M	M	M	M	M
4	1	1	7	17	73	82	80	82	9	4	29	81	4	4	6	84	81	4	71	86	16	56	63	64	69	51	67	41	7	43	60	8	9	9	80	18	4	17	12	50	6	58	2	M	M	M	M	M	M	M	M	M	M	M	M	M	M	M	M	M	M	M	M	M	M	M	M	M
4	1	1	7	19	74	82	81	83	8	5	29	82	3	4	6	85	82	3	72	87	17	57	64	65	70	52	68	42	7	44	61	6	7	8	81	19	5	18	13	51	7	59	5	M	M	M	M	M	M	M	M	M	M	M	M	M	M	M	M	M	M	M	M	M	M	M	M	M
9	7	7	1	12	67	77	75	76	12	2	23	76	10	9	11	78	75	9	66	81	11	50	58	63	64	46	62	36	1	38	55	11	11	12	75	13	3	11	7	45	1	53	3	M	M	M	M	M	M	M	M	M	M	M	M	M	M	M	M	M	M	M	M	M	M	M	M	M
20	17	19	12	1	56	65	64	65	23	13	10	34	20	20	21	67	64	19	54	70	1	39	47	52	52	34	50	25	11	25	44	21	22	23	63	2	13	6	5	34	12	42	14	M	M	M	M	M	M	M	M	M	M	M	M	M	M	M	M	M	M	M	M	M	M	M	M	M
76	73	74	67	56	1	9	8	9	79	69	44	9	75	77	77	11	8	75	2	14	57	17	10	6	5	23	9	33	67	40	14	77	78	79	7	55	69	63	61	23	67	18	71	M	M	M	M	M	M	M	M	M	M	M	M	M	M	M	M	M	M	M	M	M	M	M	M	M
85	82	82	77	65	9	1	2	1	88	78	53	1	86	86	86	3	1	84	14	6	65	26	19	14	14	31	17	42	77	49	23	86	87	88	1	64	78	71	70	32	77	26	79	M	M	M	M	M	M	M	M	M	M	M	M	M	M	M	M	M	M	M	M	M	M	M	M	M
83	80	81	75	64	8	2	1	1	86	76	52	2	83	84	84	3	1	83	9	7	64	24	18	13	12	30	16	40	75	47	21	85	86	86	1	62	77	70	69	30	75	25	78	M	M	M	M	M	M	M	M	M	M	M	M	M	M	M	M	M	M	M	M	M	M	M	M	M
85	82	83	76	65	9	1	1	1	88	78	53	1	84	85	85	2	1	84	11	6	65	26	19	17	13	31	18	42	76	49	23	86	87	88	1	64	78	71	70	32	76	26	79	M	M	M	M	M	M	M	M	M	M	M	M	M	M	M	M	M	M	M	M	M	M	M	M	M
7	9	8	13	23	79	88	86	88	1	10	35	88	7	9	9	90	87	7	77	92	23	62	69	74	75	57	73	47	13	50	67	3	1	1	86	24	10	23	19	56	13	65	9	M	M	M	M	M	M	M	M	M	M	M	M	M	M	M	M	M	M	M	M	M	M	M	M	M
7	4	5	2	13	69	78	76	78	10	1	25	78	9	8	8	80	77	7	67	83	13	52	60	64	65	47	63	38	2	40	57	9	10	10	76	14	1	13	9	47	3	55	1	M	M	M	M	M	M	M	M	M	M	M	M	M	M	M	M	M	M	M	M	M	M	M	M	M
32	29	29	23	10	44	53	52	53	35	25	1	53	31	33	33	55	53	31	42	58	12	27	35	40	40	22	39	13	23	15	32	33	34	35	52	11	25	19	17	22	23	30	26	M	M	M	M	M	M	M	M	M	M	M	M	M	M	M	M	M	M	M	M	M	M	M	M	M
84	81	82	76	34	9	1	2	1	88	78	53	1	84	85	85	2	1	84	11	5	65	26	19	15	14	31	17	42	76	49	22	86	87	88	2	64	78	71	70	32	76	26	79	M	M	M	M	M	M	M	M	M	M	M	M	M	M	M	M	M	M	M	M	M	M	M	M	M
4	3	3	10	20	75	86	83	84	7	9	31	84	1	2	3	86	83	4	73	89	20	58	66	71	71	53	70	44	9	46	63	6	7	7	82	21	7	19	15	53	9	61	7	M	M	M	M	M	M	M	M	M	M	M	M	M	M	M	M	M	M	M	M	M	M	M	M	M
4	4	4	9	20	77	86	84	85	9	8	33	85	2	1	1	87	84	3	75	90	20	60	67	72	73	55	71	45	10	48	64	9	9	9	84	21	8	20	16	54	9	62	7	M	M	M	M	M	M	M	M	M	M	M	M	M	M	M	M	M	M	M	M	M	M	M	M	M
6	6	6	11	21	77	86	84	85	9	8	33	85	3	2	1	88	84	5	75	90	22	60	67	72	73	55	71	45	11	48	64	7	8	9	84	22	9	21	16	54	9	62	9	M	M	M	M	M	M	M	M	M	M	M	M	M	M	M	M	M	M	M	M	M	M	M	M	M
87	84	85	78	67	11	3	3	2	90	80	55	2	86	87	88	1	3	87	13	3	67	28	19	17	16	33	19	44	79	51	24	88	89	90	3	66	80	74	72	34	78	28	81	M	M	M	M	M	M	M	M	M	M	M	M	M	M	M	M	M	M	M	M	M	M	M	M	M
84	81	82	75	64	8	1	1	1	87	77	53	1	83	84	84	3	1	84	11	6	65	25	18	17	13	31	17	41	76	48	22	86	86	87	1	63	77	71	69	31	76	26	79	M	M	M	M	M	M	M	M	M	M	M	M	M	M	M	M	M	M	M	M	M	M	M	M	M
1	4	3	9	19	75	84	83	84	7	7	31	84	4	3	5	87	84	1	73	89	19	58	66	71	72	53	70	44	9	46	63	5	5	7	83	21	7	19	15	53	9	61	5	M	M	M	M	M	M	M	M	M	M	M	M	M	M	M	M	M	M	M	M	M	M	M	M	M
74	71	72	66	54	2	14	9	11	77	67	42	11	73	75	75	13	11	73	1	16	54	15	8	4	3	20	7	31	66	38	12	75	76	77	9	53	67	60	59	21	65	15	68	M	M	M	M	M	M	M	M	M	M	M	M	M	M	M	M	M	M	M	M	M	M	M	M	M
89	86	87	81	70	14	6	7	6	92	83	58	5	89	90	90	3	6	89	16	1	70	31	24	20	19	36	22	46	81	54	27	91	92	93	7	68	83	76	75	37	81	31	84	M	M	M	M	M	M	M	M	M	M	M	M	M	M	M	M	M	M	M	M	M	M	M	M	M
19	16	17	11	1	57	65	64	65	23	13	12	65	20	20	22	67	65	19	54	70	1	39	47	52	52	34	51	25	11	27	44	21	22	23	64	2	13	6	5	35	11	42	14	M	M	M	M	M	M	M	M	M	M	M	M	M	M	M	M	M	M	M	M	M	M	M	M	M
59	56	57	50	39	17	26	24	26	62	52	27	26	58	60	60	28	25	58	15	31	39	1	8	12	13	5	11	16	51	23	5	60	61	62	24	38	52	45	44	6	50	3	53	M	M	M	M	M	M	M	M	M	M	M	M	M	M	M	M	M	M	M	M	M	M	M	M	M
66	63	64	58	47	10	19	18	19	69	60	35	19	66	67	67	19	18	66	8	24	47	8	1	5	4	13	4	23	58	30	7	68	68	69	17	45	60	53	52	13	58	8	61	M	M	M	M	M	M	M	M	M	M	M	M	M	M	M	M	M	M	M	M	M	M	M	M	M
71	64	65	63	52	6	14	13	17	74	64	40	15	71	72	72	17	17	71	4	20	52	12	5	1	1	18	3	28	63	35	9	73	73	74	17	50	64	58	57	18	63	13	66	M	M	M	M	M	M	M	M	M	M	M	M	M	M	M	M	M	M	M	M	M	M	M	M	M
72	69	70	64	52	5	14	12	13	75	65	40	14	71	73	73	16	13	72	3	19	52	13	4	1	1	18	4	29	64	36	10	73	74	75	13	51	65	59	57	19	63	13	66	M	M	M	M	M	M	M	M	M	M	M	M	M	M	M	M	M	M	M	M	M	M	M	M	M
54	51	52	46	34	23	31	30	31	57	47	22	31	53	55	55	33	31	53	20	36	34	5	13	18	18	1	17	11	45	18	10	55	56	57	30	33	47	41	39	1	45	8	48	M	M	M	M	M	M	M	M	M	M	M	M	M	M	M	M	M	M	M	M	M	M	M	M	M
70	67	68	62	50	9	17	16	18	73	63	39	17	70	71	71	19	17	70	7	22	51	11	4	3	4	17	1	27	62	34	7	72	72	73	16	49	63	57	55	17	62	12	65	M	M	M	M	M	M	M	M	M	M	M	M	M	M	M	M	M	M	M	M	M	M	M	M	M
44	41	42	36	25	33	42	40	42	47	38	13	42	44	45	45	44	41	44	31	46	25	16	23	28	29	11	27	1	36	7	20	46	47	47	40	23	38	31	30	10	36	18	39	M	M	M	M	M	M	M	M	M	M	M	M	M	M	M	M	M	M	M	M	M	M	M	M	M
9	7	7	0	11	67	77	75	76	13	2	23	76	9	10	11	79	76	9	66	81	11	51	58	63	64	45	62	36	1	38	55	10	12	13	75	12	3	11	7	45	1	53	4	M	M	M	M	M	M	M	M	M	M	M	M	M	M	M	M	M	M	M	M	M	M	M	M	M
47	43	44	38	25	40	49	47	49	50	40	15	49	46	48	48	51	48	46	38	54	27	23	30	35	36	18	34	7	38	1	28	48	51	50	47	26	40	33	32	18	39	26	41	M	M	M	M	M	M	M	M	M	M	M	M	M	M	M	M	M	M	M	M	M	M	M	M	M
63	60	61	55	44	14	23	21	23	67	57	32	22	63	64	64	24	22	63	12	27	44	5	7	9	10	10	7	20	55	28	1	65	66	67	21	42	57	50	49	10	55	5	58	M	M	M	M	M	M	M	M	M	M	M	M	M	M	M	M	M	M	M	M	M	M	M	M	M
5	6	6	11	21	77	86	85	86	3	9	33	86	6	9	7	88	86	5	75	91	21	60	68	73	73	55	72	46	10	48	65	1	2	3	85	23	9	21	17	55	12	63	7	M	M	M	M	M	M	M	M	M	M	M	M	M	M	M	M	M	M	M	M	M	M	M	M	M
4	9	7	11	22	78	87	86	87	1	10	34	87	7	9	8	89	86	5	76	92	22	61	68	73	74	56	72	47	12	51	66	2	1	2	85	23	9	22	18	55	12	64	8	M	M	M	M	M	M	M	M	M	M	M	M	M	M	M	M	M	M	M	M	M	M	M	M	M
7	9	8	13	23	79	88	86	88	1	10	35	88	7	9	9	90	87	7	77	93	23	62	69	74	75	57	73	47	13	50	67	3	2	1	86	24	11	23	19	56	13	65	9	M	M	M	M	M	M	M	M	M	M	M	M	M	M	M	M	M	M	M	M	M	M	M	M	M
83	80	81	75	63	7	1	1	1	86	76	52	2	82	84	84	3	1	83	9	7	64	24	17	17	13	30	16	40	75	47	21	85	85	86	1	62	76	70	68	30	74	25	78	M	M	M	M	M	M	M	M	M	M	M	M	M	M	M	M	M	M	M	M	M	M	M	M	M
21	18	19	13	2	55	64	62	64	24	14	11	64	21	21	22	66	63	21	53	68	2	38	45	50	51	33	49	23	12	26	42	23	23	24	62	1	14	8	7	32	13	41	16	M	M	M	M	M	M	M	M	M	M	M	M	M	M	M	M	M	M	M	M	M	M	M	M	M
7	4	5	3	13	69	78	77	78	10	1	25	78	7	8	9	80	77	7	67	83	13	52	60	64	65	47	63	38	3	40	57	11	9	11	76	14	1	13	9	47	3	55	2	M	M	M	M	M	M	M	M	M	M	M	M	M	M	M	M	M	M	M	M	M	M	M	M	M
20	17	18	11	6	63	71	70	71	23	13	19	71	19	20	21	74	71	19	60	76	6	45	53	58	59	41	57	31	11	33	50	21	22	23	70	8	13	1	5	40	11	48	14	M	M	M	M	M	M	M	M	M	M	M	M	M	M	M	M	M	M	M	M	M	M	M	M	M
15	12	13	7	5	61	70	69	70	19	9	17	70	15	16	16	72	69	15	59	75	5	44	52	57	57	39	55	30	7	32	49	17	18	19	68	7	9	5	1	39	7	47	10	M	M	M	M	M	M	M	M	M	M	M	M	M	M	M	M	M	M	M	M	M	M	M	M	M
53	50	51	45	34	23	32	30	32	56	47	22	32	53	54	54	34	31	53	21	37	35	6	13	18	19	1	17	10	45	18	10	55	55	56	30	33	47	40	39	1	45	8	48	M	M	M	M	M	M	M	M	M	M	M	M	M	M	M	M	M	M	M	M	M	M	M	M	M
9	6	7	1	12	67	77	75	76	13	3	23	76	9	9	9	78	76	9	65	81	11	50	58	63	63	45	62	36	1	39	55	12	12	13	74	13	3	11	7	45	1	53	3	M	M	M	M	M	M	M	M	M	M	M	M	M	M	M	M	M	M	M	M	M	M	M	M	M
61	58	59	53	42	18	26	25	26	65	55	30	26	61	62	62	28	26	61	15	31	42	3	8	13	13	8	12	18	53	26	5	63	64	65	25	41	55	48	47	8	53	1	56	M	M	M	M	M	M	M	M	M	M	M	M	M	M	M	M	M	M	M	M	M	M	M	M	M
6	2	5	3	14	71	79	78	79	9	1	26	79	7	7	9	81	79	5	68	84	14	53	61	66	66	48	65	39	3	41	58	7	8	9	78	16	2	14	10	48	3	56	1	M	M	M	M	M	M	M	M	M	M	M	M	M	M	M	M	M	M	M	M	M	M	M	M	M
M	M	M	M	M	M	M	M	M	M	M	M	M	M	M	M	M	M	M	M	M	M	M	M	M	M	M	M	M	M	M	M	M	M	M	M	M	M	M	M	M	M	M	M	M	M	M	M	M	M	M	M	M	M	M	M	M	M	M	M	M	M	M	M	M	M	M	M	M
M	M	M	M	M	M	M	M	M	M	M	M	M	M	M	M	M	M	M	M	M	M	M	M	M	M	M	M	M	M	M	M	M	M	M	M	M	M	M	M	M	M	M	M	M	M	M	M	M	M	M	M	M	M	M	M	M	M	M	M	M	M	M	M	M	M	M	M	M
M	M	M	M	M	M	M	M	M	M	M	M	M	M	M	M	M	M	M	M	M	M	M	M	M	M	M	M	M	M	M	M	M	M	M	M	M	M	M	M	M	M	M	M	M	M	M	M	M	M	M	M	M	M	M	M	M	M	M	M	M	M	M	M	M	M	M	M	M
M	M	M	M	M	M	M	M	M	M	M	M	M	M	M	M	M	M	M	M	M	M	M	M	M	M	M	M	M	M	M	M	M	M	M	M	M	M	M	M	M	M	M	M	M	M	M	M	M	M	M	M	M	M	M	M	M	M	M	M	M	M	M	M	M	M	M	M	M
M	M	M	M	M	M	M	M	M	M	M	M	M	M	M	M	M	M	M	M	M	M	M	M	M	M	M	M	M	M	M	M	M	M	M	M	M	M	M	M	M	M	M	M	M	M	M	M	M	M	M	M	M	M	M	M	M	M	M	M	M	M	M	M	M	M	M	M	M
M	M	M	M	M	M	M	M	M	M	M	M	M	M	M	M	M	M	M	M	M	M	M	M	M	M	M	M	M	M	M	M	M	M	M	M	M	M	M	M	M	M	M	M	M	M	M	M	M	M	M	M	M	M	M	M	M	M	M	M	M	M	M	M	M	M	M	M	M
M	M	M	M	M	M	M	M	M	M	M	M	M	M	M	M	M	M	M	M	M	M	M	M	M	M	M	M	M	M	M	M	M	M	M	M	M	M	M	M	M	M	M	M	M	M	M	M	M	M	M	M	M	M	M	M	M	M	M	M	M	M	M	M	M	M	M	M	M
M	M	M	M	M	M	M	M	M	M	M	M	M	M	M	M	M	M	M	M	M	M	M	M	M	M	M	M	M	M	M	M	M	M	M	M	M	M	M	M	M	M	M	M	M	M	M	M	M	M	M	M	M	M	M	M	M	M	M	M	M	M	M	M	M	M	M	M	M
M	M	M	M	M	M	M	M	M	M	M	M	M	M	M	M	M	M	M	M	M	M	M	M	M	M	M	M	M	M	M	M	M	M	M	M	M	M	M	M	M	M	M	M	M	M	M	M	M	M	M	M	M	M	M	M	M	M	M	M	M	M	M	M	M	M	M	M	M
M	M	M	M	M	M	M	M	M	M	M	M	M	M	M	M	M	M	M	M	M	M	M	M	M	M	M	M	M	M	M	M	M	M	M	M	M	M	M	M	M	M	M	M	M	M	M	M	M	M	M	M	M	M	M	M	M	M	M	M	M	M	M	M	M	M	M	M	M
M	M	M	M	M	M	M	M	M	M	M	M	M	M	M	M	M	M	M	M	M	M	M	M	M	M	M	M	M	M	M	M	M	M	M	M	M	M	M	M	M	M	M	M	M	M	M	M	M	M	M	M	M	M	M	M	M	M	M	M	M	M	M	M	M	M	M	M	M
M	M	M	M	M	M	M	M	M	M	M	M	M	M	M	M	M	M	M	M	M	M	M	M	M	M	M	M	M	M	M	M	M	M	M	M	M	M	M	M	M	M	M	M	M	M	M	M	M	M	M	M	M	M	M	M	M	M	M	M	M	M	M	M	M	M	M	M	M
M	M	M	M	M	M	M	M	M	M	M	M	M	M	M	M	M	M	M	M	M	M	M	M	M	M	M	M	M	M	M	M	M	M	M	M	M	M	M	M	M	M	M	M	M	M	M	M	M	M	M	M	M	M	M	M	M	M	M	M	M	M	M	M	M	M	M	M	M
M	M	M	M	M	M	M	M	M	M	M	M	M	M	M	M	M	M	M	M	M	M	M	M	M	M	M	M	M	M	M	M	M	M	M	M	M	M	M	M	M	M	M	M	M	M	M	M	M	M	M	M	M	M	M	M	M	M	M	M	M	M	M	M	M	M	M	M	M
M	M	M	M	M	M	M	M	M	M	M	M	M	M	M	M	M	M	M	M	M	M	M	M	M	M	M	M	M	M	M	M	M	M	M	M	M	M	M	M	M	M	M	M	M	M	M	M	M	M	M	M	M	M	M	M	M	M	M	M	M	M	M	M	M	M	M	M	M
M	M	M	M	M	M	M	M	M	M	M	M	M	M	M	M	M	M	M	M	M	M	M	M	M	M	M	M	M	M	M	M	M	M	M	M	M	M	M	M	M	M	M	M	M	M	M	M	M	M	M	M	M	M	M	M	M	M	M	M	M	M	M	M	M	M	M	M	M
M	M	M	M	M	M	M	M	M	M	M	M	M	M	M	M	M	M	M	M	M	M	M	M	M	M	M	M	M	M	M	M	M	M	M	M	M	M	M	M	M	M	M	M	M	M	M	M	M	M	M	M	M	M	M	M	M	M	M	M	M	M	M	M	M	M	M	M	M
M	M	M	M	M	M	M	M	M	M	M	M	M	M	M	M	M	M	M	M	M	M	M	M	M	M	M	M	M	M	M	M	M	M	M	M	M	M	M	M	M	M	M	M	M	M	M	M	M	M	M	M	M	M	M	M	M	M	M	M	M	M	M	M	M	M	M	M	M
M	M	M	M	M	M	M	M	M	M	M	M	M	M	M	M	M	M	M	M	M	M	M	M	M	M	M	M	M	M	M	M	M	M	M	M	M	M	M	M	M	M	M	M	M	M	M	M	M	M	M	M	M	M	M	M	M	M	M	M	M	M	M	M	M	M	M	M	M
M	M	M	M	M	M	M	M	M	M	M	M	M	M	M	M	M	M	M	M	M	M	M	M	M	M	M	M	M	M	M	M	M	M	M	M	M	M	M	M	M	M	M	M	M	M	M	M	M	M	M	M	M	M	M	M	M	M	M	M	M	M	M	M	M	M	M	M	M
M	M	M	M	M	M	M	M	M	M	M	M	M	M	M	M	M	M	M	M	M	M	M	M	M	M	M	M	M	M	M	M	M	M	M	M	M	M	M	M	M	M	M	M	M	M	M	M	M	M	M	M	M	M	M	M	M	M	M	M	M	M	M	M	M	M	M	M	M
M	M	M	M	M	M	M	M	M	M	M	M	M	M	M	M	M	M	M	M	M	M	M	M	M	M	M	M	M	M	M	M	M	M	M	M	M	M	M	M	M	M	M	M	M	M	M	M	M	M	M	M	M	M	M	M	M	M	M	M	M	M	M	M	M	M	M	M	M
M	M	M	M	M	M	M	M	M	M	M	M	M	M	M	M	M	M	M	M	M	M	M	M	M	M	M	M	M	M	M	M	M	M	M	M	M	M	M	M	M	M	M	M	M	M	M	M	M	M	M	M	M	M	M	M	M	M	M	M	M	M	M	M	M	M	M	M	M
M	M	M	M	M	M	M	M	M	M	M	M	M	M	M	M	M	M	M	M	M	M	M	M	M	M	M	M	M	M	M	M	M	M	M	M	M	M	M	M	M	M	M	M	M	M	M	M	M	M	M	M	M	M	M	M	M	M	M	M	M	M	M	M	M	M	M	M	M
M	M	M	M	M	M	M	M	M	M	M	M	M	M	M	M	M	M	M	M	M	M	M	M	M	M	M	M	M	M	M	M	M	M	M	M	M	M	M	M	M	M	M	M	M	M	M	M	M	M	M	M	M	M	M	M	M	M	M	M	M	M	M	M	M	M	M	M	M
