P : 34818.1
Cargo :0,	z :0.653846,	Path :2013->4013->4115->4216->4318-><
Cargo :3,	z :0,	Path :2216->4216->4318-><
Cargo :3,	z :0.333333,	Path :2227->4227->4329-><

Route : 15->311->312->117->118->323->324->129-><		cost : 2040
Route : 03->35->16->37->29->010-><		cost : 2230
Route : 011->313->114->315->217->018-><		cost : 2230
Run time : 7.478 sec. 
