P : 39518.1
Cargo :0,	z :0.653846,	Path :2013->4013->4115->4216->4318-><
Cargo :3,	z :0,	Path :2216->4216->4318-><
Cargo :3,	z :0.333333,	Path :2227->4227->4329-><

Route : 15->311->312->117->118->027->028->137-><		cost : 2280
Route : 04->16->08->110-><		cost : 1640
Route : 011->113->015->117-><		cost : 1640
Run time : 4.945 sec. 
