P : 34830.5
Cargo :2,	z :0.204082,	Path :2044->4044->4246->4147-><
Cargo :2,	z :0.204082,	Path :2050->4050->4252->4153-><
Cargo :2,	z :0.204082,	Path :2056->4056->4258->4159-><
Cargo :3,	z :0.20202,	Path :2035->4035->4237->4138-><
Cargo :3,	z :0,	Path :2044->4044->4246->4147-><

Route : 22->16->17->314->315->224->225-><		cost : 1910
Route : 31->23->05->27->39-><		cost : 1770
Route : 310->212->014->216->318-><		cost : 1770
Run time : 7.771 sec. 
