P : 40701.9
Cargo :1,	z :0.56669,	Path :2112->1112->1214-><
Cargo :2,	z :0.276285,	Path :215->115->127->109-><
Cargo :3,	z :0,	Path :2038->0039->0143-><
Cargo :4,	z :0.59409,	Path :2038->0039->0143-><

Route : 310->017->018->122->123->228->229->333-><		cost : 1750
Route : 33->15->27->09-><		cost : 1560
Route : 310->112->214->016-><		cost : 1560
Run time : 2.585 sec. 
