======v[k][p] BEGIN======
v[1][0]: -2.21055
Path :2B8->0B9->0D15->0D16->2D17->1D17->1C18->1A20-><

v[2][0]: -0.028564
Path :2C37->3C38->3B45-><

v[4][0]: -0.069054
Path :2B24->3B25->3A28->3A29->3C33-><

======v[k][p] END======

======v_[k][n] BEGIN======
v_[4][0]: -0.066596
Path :2B17->5B18->5C25-><

v_[4][1]: -0.066596
Path :2B38->5B39->5C46-><

======v_[k][n] END======

