P : 36521.8
Cargo :0,	z :0.5,	Path :2042->3043->3148->3149->3356-><
Cargo :1,	z :0.333669,	Path :2251->4251->4352->4154-><
Cargo :1,	z :0.333166,	Path :2245->1245->1047->1148-><
Cargo :1,	z :0.333166,	Path :2251->1251->1053->1154-><

Route : 16->012->013->318->319->127->128-><		cost : 2010
Route : 23->05->16->28-><		cost : 1370
Route : 29->011->112->214-><		cost : 1370
Route : 215->017->118->220-><		cost : 1370
Run time : 2.519 sec. 
