======v[k][p] BEGIN======
v[0][0]: -0.04449
Path :2A42->3A43->3B48->3B49->3D56-><

v[1][0]: -1.75247
Path :2C50->1C50->1D51->1B53-><

v[2][0]: 0
Path :2C16->0C17->0A20-><

======v[k][p] END======

======v_[k][n] BEGIN======
v_[0][0]: -0.04449
Path :2A33->5A34->5B39->5B40->5D47-><

v_[4][0]: -0.791324
Path :2A53->6A53->6D54-><

v_[4][1]: -0.791324
Path :2A55->6A55->6D56-><

======v_[k][n] END======

