P : 43691.3
Cargo :0,	z :0.5,	Path :2042->3043->3148->3149->3356-><
Cargo :1,	z :0.382621,	Path :2251->4251->4352->4154-><
Cargo :1,	z :0.617379,	Path :2245->1245->1147-><

Route : 16->314->315->122->123->226->227->130-><		cost : 2160
Route : 23->15->27-><		cost : 1140
Route : 28->110->212-><		cost : 1140
Run time : 4.977 sec. 
